0.00925926  1246.59
0.0185185  612.143
0.0277778  361.142
0.037037  211.601
0.0462963  122.127
0.0555556  65.2385
0.0648148  30.8914
0.0740741  12.4737
0.0833333  3.51371
0.0925926  0.721835
0.101852  0.583607
0.111111  1.31084
0.12037  1.9432
0.12963  1.94286
0.138889  1.58912
0.148148  0.987076
0.157407  0.456678
0.166667  0.147595
0.175926  0.027441
0.185185  0.0999575
0.194444  0.198717
0.203704  0.277667
0.212963  0.288172
0.222222  0.220056
0.231481  0.139378
0.240741  0.0541106
0.25  0.0140158
0.259259  0.0132187
0.268519  0.0336301
0.277778  0.0672911
0.287037  0.0788983
0.296296  0.0764438
0.305556  0.0555445
0.314815  0.0280548
0.324074  0.0111798
0.333333  0.00156156
0.342593  0.00830883
0.351852  0.0186266
0.361111  0.0275426
0.37037  0.03192
0.37963  0.0255329
0.388889  0.0175216
0.398148  0.0073075
0.407407  0.0016631
0.416667  0.00224153
0.425926  0.0051335
0.435185  0.0112914
0.444444  0.0138209
0.453704  0.0137453
0.462963  0.0106682
0.472222  0.00532472
0.481481  0.00230646
0.490741  0.000335344
0.5  0.00177224
